<?xml version="1.0"?>
<opencv_storage>
<object_points type_id="opencv-matrix">
  <rows>10</rows>
  <cols>54</cols>
  <dt>"2f"</dt>
  <data>
    -3.01547603e-23 8.17002237e-01 3.92228534e-22 -8.61169994e-01
    -4.69390426e+26 9.11833048e-01 2.12619762e-17 7.20545232e-01
    1.12912512e-34 -1.11504674e+00 -1.45551729e+01 -1.09175146e+00
    5.90460448e-37 8.48678470e-01 -4.05517773e+25 -8.91307294e-01
    -8.52028770e+31 9.36408937e-01 -2.23005825e-18 7.43208110e-01
    8.04632986e+10 -1.16507423e+00 .Nan -1.15592003e+00 -2.42356400e-04
    8.95879447e-01 -1.02207976e-33 -9.32207167e-01 -5.13426239e-05
    9.58521783e-01 3.49715309e-35 7.61293769e-01 1.63390238e+30
    1.79618919e+00 -1.82057688e+31 1.79342842e+00 2.68512712e+15
    -1.44044161e+00 -1.40916888e+06 1.52087045e+00 3.96881247e-28
    -1.53945398e+00 4.50382297e+16 -1.16375923e+00 -1.43358114e+33
    -7.78977215e-01 3.73374138e+18 6.29103661e-01 8.41596037e-09
    -9.60832179e-01 -2.86498928e-12 1.00510192e+00 2.98777933e+23
    1.41787195e+00 -9.12362768e-04 1.26171827e+00 1.31040010e-30
    -1.53186369e+00 1.38435312e-38 1.34547853e+00 -2.22509215e+33
    1.02030146e+00 0. 0. 0. 0. 0. 0. -2.13667236e-23 -1.68506920e+00
    1.63799074e+15 -1.62882161e+00 -2.84173205e-35 -1.16420853e+00
    2.42741374e-12 -1.29342198e+00 -8.78211846e+29 1.30563021e+00
    6.99974674e+23 1.03196633e+00 -6.44965734e-24 -1.68806219e+00
    -70241464. -1.63331676e+00 1.31743033e-38 -1.13468182e+00
    -3.30066174e-01 -1.27782524e+00 -7.17085419e-11 1.31180131e+00
    -3.47311975e-08 1.01178157e+00 -1.18674705e+23 -1.67413282e+00
    -79660712. -1.62767518e+00 -6.12435303e-30 -1.09044063e+00
    6.70517636e-34 -1.27192843e+00 3.16057938e+23 1.28575790e+00
    -7.85877695e-04 1.00166714e+00 2.73951283e+01 -1.61066830e+00
    -1.11757140e+28 -1.58520150e+00 4.79193281e+18 8.28032434e-01
    1.30924190e+23 -1.07962930e+00 3.58000599e+16 1.24020886e+00
    1.41979592e+13 -7.74041593e-01 4.44636079e-08 -1.58068633e+00
    -3.09506032e-27 -1.56423593e+00 -4.71425843e-14 9.21921849e-01
    -7456191. -1.01418090e+00 4.07772904e-12 1.20501041e+00
    5.53750812e-27 -8.65977168e-01 5.75674381e+29 -1.55899262e+00
    8.42987063e-22 -1.54906535e+00 -1.19055073e-16 9.61234450e-01
    -2.09299313e+10 -9.63647664e-01 5.50271294e+13 1.18611455e+00
    1.12056933e-35 -8.97085130e-01 3.01079347e+09 -1.52683890e+00
    -2.45975726e-36 -1.52342713e+00 1.74279710e+26 9.77832615e-01
    4.98937308e-31 -9.82371867e-01 -2.10910324e+02 1.15103054e+00
    -3.18726951e-17 -8.60236526e-01 1.81809420e+35 -1.49265194e+00
    -9.69370001e-11 -1.49868715e+00 -1.71805332e-05 1.01542902e+00
    1.27640104e+38 -9.92192745e-01 -5.78819236e+10 1.10248637e+00
    4.27001690e-30 -8.19122553e-01 -1621708800. -1.42975032e+00
    2.00491941e+29 -1.44018364e+00 -1.55705615e-30 1.02347076e+00
    -15504365. -9.99222279e-01 8.47414399e+16 1.01373565e+00 -395108512.
    -7.30621457e-01 8.77731588e-30 -1.39794147e+00 7.89464357e-33
    -1.41140401e+00 -4.82425453e-33 1.01932275e+00 8.78007326e-04
    -1.02391219e+00 -9.58440788e-33 9.67285872e-01 6.42463315e-34
    6.95497751e-01 -1.85016787e-03 6.01779282e-01 1.98709151e+19
    4.34341758e-01 -1.25964100e-10 7.54373014e-01 -609273.
    7.15148568e-01 2.51553226e-02 -1.13581622e+00 -1.10352284e+31
    -1.01078427e+00 -1.00242673e+19 -9.24464643e-01 -8.73909698e-39
    6.70054913e-01 -4.63236875e+05 -8.93592894e-01 0. 0. 0. 0. 0. 0.
    3.54322461e+03 1.66515517e+00 -8.63264491e-25 -1.79493451e+00
    4.08801245e+37 1.46526575e+00 9.42280230e+29 1.65930617e+00
    1.31733311e+04 1.64122641e+00 -1.50888434e+27 -1.49547946e+00
    5.45015410e-02 -1.46353269e+00 -5.22445592e+21 1.60851157e+00
    -5.40692863e-19 -1.25545371e+00 445439392. -1.48564494e+00
    2.32687131e-17 -1.45988500e+00 1.80909775e+02 1.31403828e+00
    2.13813633e+38 -1.50481868e+00 4.64549319e-36 1.63247681e+00
    -7.14469174e-38 -1.25869608e+00 5.36560321e-38 -1.51085520e+00
    -1.65486701e-33 -1.49668920e+00 -4.64372178e-30 1.34237349e+00
    1977276672. -1.00488687e+00 4.59646301e+01 1.13969398e+00
    -8.49806688e+11 -6.46392941e-01 5.35035107e-36 -1.12023938e+00
    -1.59553360e-06 -1.09277749e+00 -1998819072. 9.72874701e-01
    -1.02426622e-37 -9.48876739e-01 2.17815682e-34 1.04159367e+00
    5.69579072e-35 7.04499066e-01 -3.09101288e+35 -1.05597019e+00
    -1.92263150e+00 -1.03591621e+00 -4.77921095e-27 9.46045816e-01
    2.47128504e+35 -9.12186801e-01 -3.92983858e-15 9.89027917e-01
    -4.06234847e+23 7.32683301e-01 -6.31679626e+02 -1.02317894e+00
    -3.96669504e+24 -1.00591171e+00 -2.33007710e+22 9.25811887e-01
    -6.01574513e+20 -8.70981216e-01 -6.63217918e-07 9.39531922e-01
    6.26906020e+33 7.18372226e-01 1.89471052e-06 -9.78802085e-01
    -2.04053074e+10 -9.68550444e-01 7.51334855e-22 8.86947989e-01
    -3.36750569e-15 -8.20016563e-01 -5.60393068e-14 8.80044699e-01
    -3.03657590e+24 6.95388138e-01 -6.51644345e-32 -9.49623764e-01
    -8666004. -9.43901300e-01 -3.71606572e+20 8.50792229e-01
    -2.76525403e-35 -6.88267887e-01 1.48676431e-31 7.56492078e-01
    1.44438682e-37 6.41242146e-01 2.48788031e-32 -9.11364913e-01
    3.12535067e-12 -9.07050729e-01 -4041688. 8.09674621e-01
    5.31232313e-23 -5.10163784e-01 13661511. 5.98195374e-01 1931835776.
    6.06161714e-01 1.77037893e-17 -8.90269935e-01 -3.14501139e-31
    -8.89186502e-01 4.01186426e-08 7.78552473e-01 -2.20604606e+21
    4.42028552e-01 -2.09267761e+19 4.94690865e-01 -1.08550502e+10
    5.95774889e-01 -7.62611046e+37 6.27324283e-01 -1.30909052e+01
    -8.83390844e-01 -434292192. -8.36590409e-01 3.67088300e+30
    -8.70302200e-01 -2.97910174e+11 7.32234418e-01 -2.80391843e-33
    -7.29556322e-01 0. 0. 0. 0. 0. 0. 3.25632727e-33 1.07859421e+00
    -9.66237204e-26 -1.24103260e+00 4.45422578e-29 9.49101210e-01
    -3.76951209e-30 1.08866143e+00 -4.36345837e-26 1.05548239e+00
    3.77780305e+33 -9.56526279e-01 3.97961804e-18 -1.62866247e+00
    3.29760207e+14 1.75865817e+00 -8.09489487e+19 -1.41241586e+00
    1.62324839e-29 -1.63444591e+00 2.11548835e-01 -1.61063492e+00
    -2.26059211e+27 1.46230686e+00 2.13348639e-13 1.63393402e+00
    1.11195555e+01 -1.75767791e+00 -3.93462917e-17 1.39472926e+00
    -6.04303778e-31 1.63502121e+00 1.77764377e-35 1.61561418e+00
    2.86819325e+06 -1.46272743e+00 5.16241095e+22 -8.97027373e-01
    -2.75125910e-16 8.62529695e-01 -231691376. -6.40218198e-01
    3.73087385e-35 -8.94424498e-01 -2.38378279e-32 -8.98822904e-01
    8074004. 8.12813163e-01 -9.43424270e+28 -8.67848158e-01
    2.76029878e-05 7.61657774e-01 -2.56270479e-14 -5.27801931e-01
    11294069. -8.64947855e-01 7.55323111e+20 -8.77269030e-01
    1.97766177e-38 7.73398340e-01 1.76821084e-20 -8.43434572e-01
    3.21784675e+36 5.84806442e-01 2.01382293e+27 -2.44889259e-01
    -3.93184325e-14 -8.40400279e-01 -2.05135117e-17 -8.56587052e-01
    -2.45289485e+27 7.52602696e-01 -5.49718142e+00 -8.18951964e-01
    -2.09527215e+35 -6.84235752e-01 -1.65317101e-16 4.83269215e-01
    -2.40841714e+15 -8.13995957e-01 -6.77327693e+23 -8.29575539e-01
    -2.74045560e-05 7.10044086e-01 1.97081088e-23 -7.88014352e-01
    9.93986966e+14 -7.22774506e-01 1.07554270e-25 5.42599857e-01
    6.04083836e-01 -7.83347905e-01 6.62644085e-26 -8.11759293e-01
    9.03104943e-34 6.80772483e-01 -4.33489415e-37 -7.45019734e-01
    4.35120979e+18 -7.45130658e-01 -1.99850746e+30 5.38018584e-01
    4.26054081e-10 -7.56862760e-01 30061500. -7.80626476e-01
    1.56256921e+21 6.39327884e-01 3.06234852e-15 -7.11548924e-01
    -3.27817912e-14 -7.39696860e-01 2.14133047e+05 5.35289228e-01
    -9.57621309e+28 -7.47681856e-01 -2.72374066e-14 -7.68133998e-01
    8.56419880e-29 6.27299190e-01 -1.50327630e-19 -4.92034256e-01
    -4.66586367e-35 -5.48928142e-01 -3.49326227e-29 -7.91021466e-01
    1.46748200e-33 -7.86303639e-01 -1.83874774e+00 -1.08663464e+00
    1.99749028e-31 -9.93888378e-01 -4.07828398e-17 -1.13301802e+00
    -1.40600853e+30 -1.07087004e+00 1.76847586e-03 -8.81517053e-01 0. 0.
